-6.97612752195711
-6.61965313128612
-6.46205529856827
-6.07368765960897
-5.91984060505124
-5.54460456762813
-5.39263833131653
-4.97611891508721
-4.84291122314713
-4.48269070788694
-4.31921174743934
-3.94730081978279
-3.79157520353281
-3.40684132809167
-3.25844397613581
-2.86088866764020
-2.73679242545553
-2.34118084628110
-2.18334837885569
-1.82053368478398
-1.66428197649077
-1.27038862285038
-1.11453169708579
-0.718551137170982
-0.592179809597577
-0.206725839858581
-0.0761365618499355
0.347846760384993
0.453093879045175
0.867560502671717
0.992545875600241
1.42345719153591
1.53857547710852
1.93493498914636
2.06320576492106
2.48505021649002
2.58033010863753
3.00707392572140
3.13272316659292
3.52907708117488
3.64920877455677
4.07638089631202
4.18401331509414
4.58868236488601
4.71624738459206
5.11294207539361
5.23652650870825
5.66511204236733
5.75878768464045
6.18146380904725
6.30262636561638
6.70264650773567
6.82380631935986
7.25371342215392
7.35495454070899
7.77220835418821
7.89234611800222
8.29143704644658
8.41301721567715
8.84071141610901
8.93224590793552
9.36279889794658
9.48362862332201
9.87437540618124
9.99888605501982
10.4003617090188
10.5205815195113
10.9284863299316
11.0487079156985
11.4673611252775
11.5940207438381
11.9804695872534
12.1060269185811
12.5018027991510
12.6271866148326
13.0229592551757
13.1502977376656
13.5440978899532
13.6694833257483
14.0919133744971
14.1883317967033
14.6119360739040
14.7049199822892
15.1354146460487
15.2266691941372
15.6495752425181
15.7713045616515
16.1644232957023
16.2912217860138
16.6818101290731
16.8086086193846
17.2093332075012
17.3259807716639
17.7292441399671
17.8484325816152
18.2494431144288
18.3642958725631
18.7571841316033
18.8810932945229
19.2256265753980
19.3797654101483
19.7545033693262
19.8830397613738
19.9837209189199
