0.00972511986308997
0.00950780844247567
0.00951084877547562
0.00940624684250183
0.00929712060446861
0.00908017112825932
0.00930729124224219
0.00853066713296222
0.00853323693823596
0.00876437463511159
0.00807272037231349
0.00797043569677938
0.00797343991150651
0.00798086208906773
0.00798372492898419
0.00821031340681738
0.00879951250618041
0.00886837884692798
0.00905512664720418
0.00912336027968191
0.0102728222256956
0.0100287256142844
0.0110385143263819
0.0121787831815194
0.0129363075747154
0.0136988301172712
0.0140788926454101
0.0152710224336773
0.0164522625552326
0.0170498631904903
0.0181332166199054
0.0189276694554996
0.0199125650548624
0.0215907586196271
0.0229689778610550
0.0243026784910691
0.0254597381929372
0.0266231924034853
0.0288535437435129
0.0304289908195593
0.0321641407498896
0.0343085453732054
0.0358590510772588
0.0380108368551602
0.0397999469840669
0.0419515789228806
0.0432641724779754
0.0458928594274075
0.0475622058266249
0.0500756632822309
0.0513673337302769
0.0543504346849534
0.0558404640052957
0.0583282442176724
0.0597187098095728
0.0631544257699224
0.0653790143090848
0.0682927599880562
0.0696626567862898
0.0731752579687135
0.0748009910044236
0.0784845912512925
0.0805040107212272
0.0835904437045139
0.0855171549828874
0.0891169440789357
0.0907869980124637
0.0952849221231896
0.0968266888073653
0.100426809287978
0.102225274740069
0.105568199375920
0.107818121805094
0.111338001763413
0.113213617838806
0.116967647385383
0.119194525645807
0.123885115742768
0.125643657024032
0.130164763256401
0.132121681452642
0.136966049907166
0.138202617275503
0.142944220861676
0.144695243846418
0.149798629722839
0.152074345722083
0.156931780605188
0.159510710081656
0.163913422622870
0.166492352099338
0.171653049396638
0.174534898728499
0.179544087161131
0.182122869826684
0.188241123593694
0.189688232188882
0.196739664508138
0.199090005872017
0.205237447285574
0.207588371831767
0.215542512055630
0.218148271165359
0.219473829809841
