-6.96362546483303
-6.92270857618966
-6.86542560907255
-6.79996468009554
-6.75496727281720
-6.70178174892500
-6.65677757181068
-6.61587083792128
-6.55449719741523
-6.48904642319218
-6.39902791420958
-6.33766104353951
-6.25992470947769
-6.20265866695052
-6.11674775594680
-6.05946478882968
-5.99809453324161
-5.93673781732550
-5.84263201987195
-5.71989489361380
-5.62580263583220
-5.47853839383036
-5.30263605318794
-5.16355315796398
-5.04083972613175
-4.87721279057415
-4.75040191551700
-4.66859860249216
-4.56224109437972
-4.44360818118247
-4.27180666868296
-4.17362712243041
-4.07136367262489
-3.95274091418161
-3.89549856608035
-3.80058418606103
-3.71601558110410
-3.59889615315877
-3.56903749128791
-3.52424937378667
-3.49226126504051
-3.44107976157370
-3.39629164407245
-3.34190285816370
-3.27792664067139
-3.23314381789972
-3.20755174248392
-3.15317619339912
-3.10198410047315
-3.06360525312621
-3.02249355942808
-2.98035761988567
-2.92064978169899
-2.86445690446663
-2.78720332278128
-2.72398924202216
-2.61863631559334
-2.52733160847261
-2.44303938649677
-2.39606805707816
-2.32226969351909
-2.23674239225812
-2.16762183696584
-2.07742448338961
-1.95793047714806
-1.90287727894411
-1.80563364340248
-1.65799080243714
-1.53402739465528
-1.38873284508561
-1.28743032836374
-1.21012837959198
-1.10082861506984
-1.00751672773626
-0.930269354302287
-0.837017497031070
-0.742253365427524
-0.613847296669424
-0.502260931516346
-0.392193165556876
-0.312725078475717
-0.211825831429433
-0.0941144706116681
0.0126488856161977
0.101698102947196
0.205585615505761
0.305761507313687
0.401003241217621
0.461614780796822
0.509854592364521
0.557764739172994
0.622015647368320
0.671763984742494
0.750532900236692
0.715290564012040
0.804425074297507
0.866616927880948
0.862467945701733
0.922573302046224
0.982682088719097
1.08010427237785
1.15886289688689
1.23970630347069
1.33505056571145
1.45942569705737
1.52574938117811
1.60037445998567
1.64390103925521
1.70292452030915
1.75211033329525
1.81472248388044
1.85719559056572
1.90189979103598
1.97346406668378
2.01370052959955
2.07854469896714
2.12884374635218
2.17579754055588
2.22387011914305
2.25405047257150
2.28711765058790
2.31814684738425
2.36055661172543
2.41124813228544
2.46193451740340
2.53227637902895
2.59641120302542
2.64916117994201
2.71226848757421
2.74845837568116
2.80121006441178
2.85500296401881
2.88397541627259
2.94763454322414
3.01196924002672
3.09575295386390
3.18702772371642
3.25135870686651
3.34112263909749
3.45334240899618
3.58050591651647
3.68225380533415
3.80193492202825
3.89619423059893
3.99397195071238
4.11232082419288
4.24053091381410
4.35518081125670
4.46983886858025
4.58203570180910
4.71147436350744
4.86062914955610
5.04339639816110
5.18255724392675
5.30224352337741
5.42007303535606
5.46088891395213
5.51072115813354
5.58809545290251
5.73362996821777
5.81284235305581
5.90219357260526
5.98324785781517
6.06615852254757
6.16194191424792
6.23471526839002
6.29182408670512
6.38335238418162
6.48729292264356
6.60068536476102
6.70462329735879
6.83901987330833
6.93140905021508
7.02905468946355
7.14034593643854
7.32013924273432
7.44908432369567
7.57015969486344
7.66268741688190
7.75620007412339
7.89102197914402
8.00752107595589
8.08793924996819
8.16320105689145
8.25702339714113
8.42859941006432
8.56743656627885
8.64483541579729
8.75433175769499
8.88693675437008
8.98969918220251
9.12477814757980
9.24246254542832
9.35020033445564
9.47425657439904
9.57232268419929
9.70056052145853
9.83068063019218
9.98437437551610
10.1324142859264
10.2653624821986
10.3917094673841
10.5628975180877
10.6545735358055
10.7703341761740
10.9791603126489
11.1298060061037
11.3183624786073
11.4858680587654
11.6449419525876
11.8282428918148
12.0073406245100
12.0821272857059
12.2232944254349
12.3507015361965
12.4840296189421
12.6015540089751
12.7785738322507
13.0468149086996
13.3938792920084
13.5863484966722
13.8394364524350
14.0840450932869
14.2024666380797
14.3559288655907
14.4924797268527
14.6604564025758
14.8368887614235
15.0350663045460
15.1828719210185
15.3564224745918
15.5839983390089
15.8023935559196
15.8863023164596
16.0185377990609
16.1404652265919
16.2514248785561
16.3555400086646
16.4582837419831
16.5432083803733
16.6336028291750
16.7154539746176
16.8158961154683
16.9079746159148
17.0140079005645
17.0911974519786
17.1507394029317
17.2715811645343
17.4716537471271
17.6916536997726
17.8875454079432
18.0838487782476
18.2175287989691
18.3367598050974
18.4957298332027
18.5475151771801
18.5957074352807
18.6704109616291
18.7728241153365
18.8511336720308
18.9246288819841
18.9969197584559
19.0535513124826
19.1041522375462
19.1823113645056
19.2812665858689
19.3712262642393
19.4431959187341
19.4856012026073
19.5421447674357
19.6153926716492
19.6809434626836
19.7721856392137
19.8428706713283
19.8994152982670
19.9616535829592
19.9754378819250
