-0.0992269837952440
-0.0975139557827517
-0.0950667954738828
-0.0918856608314765
-0.0891941320099675
-0.0865024452256188
-0.0843001273179083
-0.0818532829347183
-0.0791614381875304
-0.0752464871744262
-0.0715756677297031
-0.0683946120687165
-0.0647240295682526
-0.0610538419748871
-0.0564046796839866
-0.0539575193751176
-0.0510210691710303
-0.0471061971393460
-0.0429460877994045
-0.0368285819343306
-0.0316900507667921
-0.0228814109873079
-0.0126045855964897
-0.00428531469364363
0.00354442936972507
0.0133318069024854
0.0209170244903746
0.0265445296274525
0.0329063250237468
0.0397575682780986
0.0505235256012955
0.0561513466640524
0.0625130630789268
0.0700981227039766
0.0754805484956370
0.0799811066442380
0.0865972343874640
0.0939921661237071
0.0968330489992952
0.0997035248682230
0.101999831437151
0.105635660466595
0.108506136335523
0.111759412328399
0.116352025466255
0.119605116143596
0.121327376956215
0.125537189970123
0.128407789382741
0.131660756516391
0.133944903174394
0.137095813563391
0.140457069445462
0.143818257517896
0.149279916897055
0.153271259923434
0.160203506893920
0.166295456846297
0.171127232510058
0.175607496844500
0.181073513380514
0.186329579540246
0.190884740360173
0.197612133146754
0.205671209884524
0.209945863790767
0.215902744804203
0.225308432478876
0.233521102235066
0.242850143661428
0.249627570335500
0.255368285281283
0.262703846313904
0.268444870118912
0.273116271838165
0.278694150135734
0.285551813514657
0.293689881811342
0.301096336537336
0.307680061741024
0.314263196624326
0.320024044725611
0.327064973068444
0.334219100394986
0.339915700494575
0.346795938993165
0.353528186870363
0.359003027907465
0.362258415600883
0.364995848059939
0.367674886846979
0.371890205859907
0.374741866430749
0.379205352550543
0.377469463458406
0.382428923607454
0.385528711264664
0.385528631223669
0.389495983232219
0.393215448277387
0.398918729398573
0.404125876408514
0.408589402548807
0.414540530612877
0.421359823335753
0.425699125850870
0.429790701484596
0.432518298512253
0.435985869549743
0.438927928687564
0.441803403427531
0.444745333065712
0.448155209650362
0.450897170262251
0.453772213336754
0.457048791626058
0.460391932729942
0.462932888318425
0.465473865490181
0.467412906755380
0.469041103695171
0.471020925021816
0.473495771579196
0.475970777905883
0.478816888393522
0.482652989429138
0.486179717170313
0.489520673148214
0.492490724676799
0.495583958342115
0.498801212933032
0.501585532640670
0.502575702929119
0.506486381768070
0.509797408308072
0.514182253970812
0.518209429509635
0.521788816957439
0.526799953607572
0.531990430789030
0.539238630436608
0.543802729978782
0.550782424298739
0.555525286692961
0.560334632480301
0.566380934274493
0.573017086663714
0.578915902009496
0.584225057157471
0.589091919557785
0.596096633370288
0.602916043644804
0.611905328653062
0.618896937060216
0.624335075601675
0.629773178322899
0.632159074631955
0.634379454227560
0.637960435220426
0.644901943247156
0.648868443056374
0.652835138461135
0.656911811905615
0.660052347297216
0.665450962113537
0.668481163837157
0.671180649059448
0.675189470514004
0.680150265716169
0.685362321237016
0.690511424870323
0.696288811041246
0.700872766434969
0.705205745259664
0.710417760244846
0.718152702227924
0.724039829844300
0.729220648835147
0.733282835484392
0.737345041134729
0.743814906790880
0.749117792435297
0.752570922187648
0.755900681809547
0.759847152772382
0.767837858445266
0.773790057569575
0.777537545251896
0.782396427527221
0.787551496821383
0.792012383135509
0.798158367679070
0.802916802120325
0.807377784417718
0.812721111627975
0.816725227510671
0.822139159267316
0.827891343450487
0.834602261400063
0.840805746106035
0.846727092905013
0.852422834945768
0.859267094048245
0.863402638080717
0.868606925794417
0.877021502676998
0.883259126242022
0.892079535831524
0.898695346310354
0.905248017184529
0.912997717355839
0.919802682296021
0.923582741635428
0.928751178947275
0.933772111989642
0.939383568097764
0.944463351369469
0.951176469353728
0.961781196638938
0.974199333869544
0.981631793095513
0.991511472327642
1.00037303311202
1.00442023954587
1.00984050618358
1.01424921610228
1.01916414751378
1.02458485728479
1.03116167852313
1.03502794712781
1.04045850087827
1.04712667537508
1.05248939545031
1.05462067717579
1.05678294475810
1.05866827074850
1.06096272728227
1.06276584121673
1.06465079712070
1.06694475139433
1.06832770192407
1.06955211293235
1.07188854801020
1.07355782248866
1.07522736617889
1.07717426977827
1.07706425190309
1.07710521800111
1.07706327854113
1.07725071953384
1.07701374425882
1.07723339530234
1.07730792889105
1.07716631971924
1.07731329586704
1.07738624956671
1.07602004052164
1.07350306818216
1.07026708369503
1.06825386362184
1.06602468665744
1.06379548645938
1.06178184818027
1.06041568560253
1.05810640181976
1.05526849980491
1.05266067919904
1.05043626978215
1.04951606805907
1.04805887754129
1.04629500268097
1.04376346283521
1.04130917026991
1.03908473607045
1.03755079392367
1.03593169812104
1.03547463900972
